10
0.8840460963724903 0.18756367805272856 0.3143456186430649 0.5630012685653086 0.8519485758070379 0.8303440082233018 0.19667047627317757 0.86969624595813 0.9789384240551199 0.9889876654687791 
0.0 0.11737184352033761 0.7903860366082249 -0.0569332563367792 0.4790124771455954 -0.16746714600983736 0.15498125574290178 0.057291787145172135 0.2907970529777608 -0.23083263254457576 
0.0 0.0 -3.243082286677387 0.27428324416514216 -2.3048717069184756 0.9530468354085837 -0.5012074268189548 -0.6950982044859321 -0.9616553260505933 0.8808343340184529 
0.0 0.0 0.0 0.5214812454710644 0.7179396846570083 0.23584876387938536 0.4234224784461794 1.274571416065273 0.012290863620761927 0.5340601890751508 
0.0 0.0 0.0 0.0 0.6529173107392324 -0.7576774634754555 0.6493138888514922 0.9155637305616633 -0.9512993597913867 -0.15956917068937032 
0.0 0.0 0.0 0.0 0.0 0.890176447038901 -0.361695320362008 0.5997397226268275 0.5987865636187053 1.0770620647660114 
-1.1102230246251565E-16 0.0 4.440892098500626E-16 0.0 0.0 3.469446951953614E-18 -0.16300922824753783 0.4412163535357071 -0.19772902534456188 0.5030143027365561 
-6.452270686174814E-17 0.0 2.5809082744699256E-16 1.1102230246251565E-16 0.0 2.0163345894296294E-18 0.0 0.8231124503304825 0.2564733054573326 0.4979606323498512 
-1.2461035200494517E-17 0.0 4.939333506520407E-16 -2.2895908596923513E-16 0.0 3.858854301969068E-18 0.0 -2.220446049250313E-16 -2.0435876597481353 0.5572789395536186 
1.1573680716066676E-16 0.0 -5.802702283584124E-16 1.2658300926115236E-17 -1.1102230246251565E-16 -4.533361159050097E-18 0.0 5.866149985787268E-17 0.0 -2.1317873521997655E-6 
0.39362315264379943 0.4000337154938839 0.2203111296357665 0.05896001001658613 0.8085302805705324 0.5352585050685793 0.22778791038108415 0.20990560722680096 0.7157388010811175 0.5637233822996076 
